Mass [Solar Mass], Radius [Solar Radii], Moment of Inertia [g cm^2]
0.010486501872758318, 0.02889914193008773, 3.4994578281608936e+49
0.013029186446834928, 0.028816511064548717, 4.2247397851589836e+49
0.016027320249304287, 0.02859906501393803, 5.009221842963151e+49
0.019548121078261795, 0.028267018688538918, 5.848762920518043e+49
0.02366805736197163, 0.02783833590114652, 6.739172075723658e+49
0.02847383427910792, 0.027328956902646143, 7.676217671705431e+49
0.03406338575418422, 0.026752993051807852, 8.655560303004963e+49
0.04054682648621895, 0.026122898343966708, 9.672691597592575e+49
0.04804729772851707, 0.025449623482587818, 1.0722819257939542e+50
0.056701614885046644, 0.024742756762564874, 1.1800688340333722e+50
0.06666059351204645, 0.02401065348721527, 1.2900406645188398e+50
0.07808889406428018, 0.023260555911942444, 1.4015223257351695e+50
0.08440909418965362, 0.022880745651692572, 1.4575894603729384e+50
0.09116418620996318, 0.022498704477045505, 1.5137303541570333e+50
0.09837812463737941, 0.0221150728908434, 1.5698260255330726e+50
0.10607539522594908, 0.02173044132176872, 1.6257476329757688e+50
0.11428089094473874, 0.021345352985351226, 1.6813558652727497e+50
0.12301976286695836, 0.02096030662234676, 1.7365002700387088e+50
0.13231724398909694, 0.020575759177224748, 1.7910187262856822e+50
0.14219844426931472, 0.020192128359976986, 1.8447370675488776e+50
0.15268811558493914, 0.01980979513589451, 1.8974688497191073e+50
0.16381038585845206, 0.019429106130955665, 1.9490153078711516e+50
0.1755884623269423, 0.019050375953367688, 1.999165593716464e+50
0.18804430480813836, 0.018673889444598402, 2.047697150416665e+50
0.19453282286748746, 0.018486568976582317, 2.0712833733852745e+50
0.20119827088724945, 0.018299903853122666, 2.094376621923605e+50
0.20804288089874756, 0.01811392226678979, 2.1169461636897236e+50
0.21506873616004937, 0.01792865093747003, 2.1389608608593996e+50
0.22227775825687363, 0.017744115187161853, 2.160389038636853e+50
0.2296716940258542, 0.017560338990230243, 2.181198645387375e+50
0.23725210236328226, 0.017377345036971005, 2.2013572864967975e+50
0.2450203409884213, 0.017195154793138767, 2.220832373747988e+50
0.2529775532280663, 0.017013788552737347, 2.2395911502781405e+50
0.26112465490813436, 0.016833265496319895, 2.257600667347593e+50
0.269462321429113, 0.0166536037460308, 2.2748281293069095e+50
0.2779909751159403, 0.016474820416277312, 2.291240823162947e+50
0.28671077293191816, 0.016296931667868074, 2.306806293495496e+50
0.2956215946541962, 0.01611995275386705, 2.321492361415063e+50
0.30472303160211356, 0.01594389807520309, 2.335267329526671e+50
0.3140143760240686, 0.015768781222274035, 2.34810024285492e+50
0.3234946112376834, 0.01559461502326379, 2.3599606999887428e+50
0.3331624026220897, 0.015421411587766462, 2.3708192018443243e+50
0.34301608956125945, 0.015249182350142545, 2.3806472112342587e+50
0.3530536784332652, 0.015077938109239072, 2.3894174020382045e+50
0.3632728367296424, 0.014907689068245123, 2.3971036943815445e+50
0.37367088839880175, 0.014738444873723939, 2.4036812224201524e+50
0.3842448104864375, 0.014570214648652949, 2.4091268612542582e+50
0.39499123114458995, 0.014403007028280616, 2.413419081888547e+50
0.4059064290706923, 0.014236830191633403, 2.4165381979409715e+50
0.4169863344345654, 0.014071691892246416, 2.4184663388380374e+50
0.42822653132232763, 0.013907599486348312, 2.419187691729798e+50
0.43962226174029734, 0.013744559959170777, 2.418688823948712e+50
0.4511684311877725, 0.01358257994986307, 2.416958320915953e+50
0.46285961580380336, 0.01342166577493233, 2.413987212924641e+50
0.4746900710803886, 0.013261823448282695, 2.4097689844897157e+50
0.48665374211577905, 0.013103058701455029, 2.4042995974324226e+50
0.49874427537878885, 0.012945377000239141, 2.397577831697276e+50
0.5109550319189881, 0.012788783560789493, 2.38960472098499e+50
0.5232791019781672, 0.01263328336397219, 2.38038429514589e+50
0.5357093209133438, 0.01247888116741763, 2.3699232118097895e+50
0.5482382863503494, 0.012325581516337407, 2.3582308575688955e+50
0.5608583764684975, 0.012173388753063069, 2.3453193422569885e+50
0.5735617693071291, 0.01202230702522518, 2.331203437866466e+50
0.5863404629860574, 0.011872340291963636, 2.3159007836253833e+50
0.5927555030077231, 0.011797776235599881, 2.3078105928838447e+50
0.5991862966974683, 0.011723492329961283, 2.2994314547857943e+50
0.6056318026757376, 0.011649489019474673, 2.29076629283764e+50
0.6120909723668907, 0.01157576673724564, 2.2818181845958616e+50
0.6185627507022287, 0.011502325905674153, 2.2725903638580957e+50
0.6250460768280841, 0.011429166936650017, 2.2630862139703332e+50
0.6315398848179226, 0.011356290230578651, 2.2533092680486203e+50
0.6380431043872721, 0.011283696177882005, 2.2432632048605507e+50
0.6445546616102028, 0.011211385157768476, 2.232951844915699e+50
0.651073479636737, 0.011139357539365268, 2.2223791479134993e+50
0.6575984794090337, 0.0110676136805155, 2.2115492786301826e+50
0.6641285803804176, 0.010996153928755895, 2.2004663231978052e+50
0.6706627012284166, 0.010924978620688862, 2.1891355858584643e+50
0.6771997605484028, 0.010854088082464823, 2.1775598652603407e+50
0.6837386775866309, 0.010783482629512418, 2.165744558823788e+50
0.6902783729220919, 0.010713162566153647, 2.153694380643345e+50
0.6968177691639573, 0.010643128186231832, 2.141414149869238e+50
0.7033557916388727, 0.010573379772607904, 2.1289087907310812e+50
0.7098913690688861, 0.01050391759727763, 2.116183330390088e+50
0.7164234342403322, 0.010434741921156848, 2.1032428161324257e+50
0.7229509246666556, 0.010365852994256523, 2.0900926088321375e+50
0.7294727832324225, 0.010297251055425853, 2.0767379340927748e+50
0.7359879588344863, 0.01022893633237587, 2.063184170725674e+50
0.7424954070070203, 0.010160909041648802, 2.0494367828593208e+50
0.7489940905336115, 0.010093169388370198, 2.035501279106244e+50
0.755482980047703, 0.010025717566674317, 2.0213832583946823e+50
0.7619610546180837, 0.009958553758649322, 2.007088375801825e+50
0.7684273023192528, 0.009891678135488703, 1.9926223328696004e+50
0.7748807207863301, 0.00982509085664039, 1.977990961431928e+50
0.7813203177599427, 0.009758792069594997, 1.963199916287309e+50
0.7941541318141605, 0.009627060504345529, 1.9331624133730525e+50
0.8069210279276263, 0.009496484387149624, 1.9025569730831547e+50
0.819613482973089, 0.009367064475760557, 1.871431080172177e+50
0.8322241815542623, 0.009238801336343527, 1.8398323214156671e+50
0.844746029162071, 0.009111695342524978, 1.8078085689943632e+50
0.8571721641504991, 0.008985746673255577, 1.7754073807238786e+50
0.8694959685317492, 0.008860955313085945, 1.742676173206089e+50
0.8817110775931108, 0.00873732105057798, 1.7096617404174797e+50
0.8938113883019971, 0.008614843478743424, 1.6764106015111425e+50
0.9057910665656611, 0.008493521994444416, 1.6429684795449707e+50
0.9176445533142831, 0.008373355799234419, 1.609380263646813e+50
0.9293665694737641, 0.008254343899525236, 1.5756901488947226e+50
0.9409521198115396, 0.008136485108204361, 1.5419410595422258e+50
0.9523964957406744, 0.008019778045376331, 1.5081749485719733e+50
0.9636952771012824, 0.007904221140124082, 1.4744318613446058e+50
0.9748443329227994, 0.0077898126326846565, 1.440752258542717e+50
0.9858398213050287, 0.007676550576298789, 1.4071736265232642e+50
0.996678188380711, 0.00756443283973593, 1.3737327218236724e+50
1.0073561664411943, 0.007453457109861188, 1.3404646133407785e+50
1.0178707712876012, 0.007343620895076503, 1.3074026368014308e+50
1.028219298863572, 0.00723492152767003, 1.2745793681720203e+50
1.0383993211904186, 0.007127356167464899, 1.2420248855769696e+50
1.0484086816893035, 0.007020921805494293, 1.209768041125986e+50
1.0582454899316052, 0.0069156152675475015, 1.1778360134313235e+50
1.0679081158874475, 0.0068114332173225735, 1.146254474945133e+50
1.0773951836804208, 0.00670837216124535, 1.1150473281067177e+50
1.08670556495492, 0.0066064284511961075, 1.0842367467878571e+50
1.0958383718516984, 0.006505598289733218, 1.0538434634923194e+50
1.1047929496841173, 0.0064058777335043934, 1.0238864796759285e+50
1.1135688693331336, 0.006307262697082021, 9.943833779377848e+49
1.1221659194013798, 0.006209748957486494, 9.653500169616092e+49
1.1305840981952695, 0.006113332157863469, 9.368008767478238e+49
1.138823605535845, 0.0060180078120908925, 9.087487306046781e+49
1.1468848344667504, 0.0059237713083720245, 8.812051856531308e+49
1.1547683628879828, 0.005830617912881526, 8.541802245254296e+49
1.1624749451232328, 0.005738542774866347, 8.276825835403838e+49
1.170005503494823, 0.005647540929043675, 8.017196228224583e+49
1.1773611198885237, 0.005557607300217593, 7.762974754612263e+49
1.1845430273650324, 0.005468736706906653, 7.514209996036035e+49
1.1915526018345401, 0.005380923864721314, 7.270939359412035e+49
1.1983913538096929, 0.005294163389930155, 7.033188924087643e+49
1.2050609202641058, 0.005208449802930788, 6.800974148813602e+49
1.211563056612422, 0.005123777531401815, 6.574300392497471e+49
1.2240726057071833, 0.004957534201267492, 6.137550479890492e+49
1.2359361175949601, 0.004795387085522627, 5.722799060499675e+49
1.2471711162692538, 0.004637288578770739, 5.329779952811526e+49
1.2577963060490045, 0.004483189868693041, 4.958114421745945e+49
1.267831357344311, 0.004333041014065022, 4.607327889870441e+49
1.2772967060652114, 0.004186791015433038, 4.2768645501161473e+49
1.286213367143839, 0.004044387879586435, 3.9661020484608313e+49
1.2946027623776741, 0.00390577867817186, 3.674362978257103e+49
1.3024865625858997, 0.003770909600989145, 3.400928331573735e+49
1.3098865439669496, 0.0036397260049728744, 3.1450478493143376e+49
1.316824458330541, 0.003512172459377891, 2.905949565232958e+49
1.3294002865993468, 0.0032677301085087588, 2.474958469267366e+49
1.340383475267342, 0.003037124901697792, 2.1016619010637373e+49
1.3499369176387412, 0.002819889122852009, 1.7798857363575946e+49
1.3582149526235103, 0.0026155462079343887, 1.503724784200332e+49
1.3653619668647725, 0.002423612026732523, 1.267644127919384e+49
1.3715115283778476, 0.0022435962771949485, 1.0665416107362646e+49
1.3767859634656312, 0.0020750040215269756, 8.957802328562632e+48
1.3812962934680988, 0.0019173373732639502, 7.511956954748574e+48
1.3851424547120197, 0.001770097324833371, 6.290866526597883e+48
1.3884137329934125, 0.0016327856887299575, 5.261924620522029e+48
1.3911893525586572, 0.0015049071127625677, 4.39663385214515e+48
1.3935391680350921, 0.0013859711255651494, 3.670246869817415e+48
1.3955244169525267, 0.0012754941570968297, 3.06141258740339e+48
1.3971984977234433, 0.0011730014907753328, 2.5517996068422196e+48
1.3986077461107478, 0.00107802909820002, 2.12574247788299e+48
1.3997921894544878, 0.0009901253189170812, 1.7699073030598133e+48
1.400786263773045, 0.0009088523542942101, 1.472984215888343e+48
1.40161948371449, 0.0008337875534742461, 1.2254096232153822e+48
1.4023170593146603, 0.0007645244783041738, 1.0191176990307324e+48
1.4029004567063956, 0.0007006737424596434, 8.47321553612802e+47
1.4033879023781501, 0.0006418636273931801, 7.04321773420936e+47
1.4037948324015148, 0.0005877404839421019, 5.853403576020752e+47
1.4041342893292008, 0.0005379689333330209, 4.863776609585612e+47
1.4044172703051405, 0.0004922318849270383, 4.040898268821747e+47
1.404653030415649, 0.0004502303903860321, 3.3568429065244954e+47
1.4048493455251951, 0.00041168335520123554, 2.7883103495000795e+47
1.4050127388514928, 0.0003763271288604872, 2.3158750813778367e+47
1.4051486754011102, 0.00034391499448986184, 1.9233527502235148e+47
1.4052617281550488, 0.0003142165778232776, 1.597266996089551e+47
1.4053557196040223, 0.00028701719392724815, 1.3264011537038874e+47
1.4054338419057764, 0.00026211714845357975, 1.1014241490678193e+47
1.4054987586106207, 0.00023933100835143433, 9.145755984246203e+46
1.4055526905630773, 0.0002184868551099654, 7.594030385315099e+46
1.405597488296282, 0.00019942553176288729, 6.305430625648822e+46
1.4056346928935408, 0.000181999893113178, 5.235385827524409e+46
1.4056655871038122, 0.00016607406700129527, 4.346858861741174e+46
1.4056912381810671, 0.00015152273293961622, 3.6090797528121974e+46
1.4057125337490242, 0.00013823042308896082, 2.996488000325059e+46
1.405730211790708, 0.00012609084936955473, 2.4878517031858297e+46
1.4057448856986796, 0.00011500625946886229, 2.0655372904143217e+46
1.405757065181685, 0.00010488682362586182, 1.7148998788378208e+46
1.4057671736986834, 9.565005332860213e-05, 1.4237775980858404e+46
1.4057755629873199, 8.722025244284044e-05, 1.182071084106896e+46
1.4057825251638527, 7.952800078250793e-05, 9.813939524470827e+45
1.4057883027952878, 7.25096697257417e-05, 8.147828054703859e+45
1.4057930972794799, 6.610696915916214e-05, 6.76455478869019e+45
1.4057970758150726, 6.02665247853498e-05, 5.616110659760049e+45
1.4058003771964047, 5.4939484645301196e-05, 4.662634000758708e+45
1.4058031166300118, 5.008115357665927e-05, 3.8710284081169715e+45
1.4058053897370255, 4.56506542418061e-05, 3.213814911151212e+45
1.4058072758782116, 4.161061330980954e-05, 2.6681790597829125e+45
1.4058088409159382, 3.792687135535425e-05, 2.215178205049669e+45
